global s
s=0.00000001;
my_sin(45);